"Patient" "y30" "y60" "y90" "y120" "y150" "y180" "trt"
1 0 0 0    1
2 0 0 0 2.5 2.3 14 1
3 5 1 1 0 5  1
4 48 85 0 0   1
5 5      1
6 0 0 0    1
7 42 42 45    1
8 0 0 0 0 6 24 1
9 35 13     1
10 30.5 81.5 67.5 98.5 97  1
11 44.5 55 69 72.5 39.5 26 1
12 0 0 0 0 0 0 1
13 30.5 26 24 29 45 91 1
14 6.5 7 4 10   1
15 8.5 19.5 16.5 42.5 45.5 48.5 1
16 9.5 7.5 5.5 4.5 0 7 1
17 10 18 32.5 0 0 0 1
18 20.5 32.5 37 39   1
19 91.5 4.5 32 10.5 10.5 10.5 1
20 0 0 0 13.5 7  1
21 0 0 1 1.5 0 0 1
22 21 15.5 10.5 11.5 11 9.5 1
23 7 19.5 22 57.5 38 68 1
24 43 43 41.5 41.5   1
25 0 0 0 0 0 1.5 1
26 0 0 0 0 0 0 1
27 0 35 72    1
28 19 23 0 37 42 66 1
29 0 23 11 3 34.5  1
30 0 15.5 6 0   1
31 100      1
32 3      1
33 7 18.5     1
34 .5 0 1    1
35 1 0 10 6 11 25 1
36 9.5 14.5 9.5 2.5 23.5 63.5 1
37 4.5      1
38 31 37.5     1
39 51 49 29 26.5 68 84 1
40 0 0     1
41 0 1.5 5.5 19.5 25.5  1
42 21 9 9    1
43 0 3 .5 0 0 0 1
1 9 30 75 49 97  0
2 0 1 27.5 95 100  0
3 6 25     0
4 18 12.5     0
5 99 100 100 100 100 100 0
6 70 81.5 94.5 97   0
7 0 0 1.5 0 18 71 0
8 51.5 56     0
9 7 7 9 25 36 20 0
10 31 41 58    0
11 23 45 67 90.5   0
12 64 6     0
13 53 88 100 100   0
14 100 100 100 100   0
15 36.5 74 97 100 100 95 0
16 0 6 6    0
17 79 80.5 85 90 97.5 97 0
18 27.5 21 60 80 97  0
19 5.5 18.5 20 36.5 63.5 81.5 0
20 9 35.5 39 70 92 98 0
21 11 13.5 31 32.5 36.5 87.5 0
22 74 91.5     0
23 0 0 .5 48   0
24 3.5      0
25 2.5 5 33 52.5 89 96.5 0
26 4.5      0
27 0 10 5 18   0
28 0 0 13.5 49.5 94 80.5 0
29 19 42 18 25 24 36 0
30 68.5 92.5 100 100 100 100 0
31 0 0 28 81.5 100  0
32 25 45.5 50 60.5 65.5 72.5 0
33 100      0
34 5 5.5 5    0
35 26 35 42 94 97 97 0
36 0 0 0 0 0 32 0
37 0      0
38 0 9 54 81.5 84.5  0
39 71 93 94 95 95  0
40 0 61     0
